4
2 0.000000 0.040000 0.000000 0.000000 0.131000 0.000000 0.183000 0.200000 0.236000 0.038000 0.048000 0.000000 0.000000 0.000000 0.000000 
2 0.000000 -0.390000 -0.098000 -0.582000 0.000000 0.000000 0.080000 0.047000 0.163000 0.027000 0.000000 0.000000 0.000000 0.000000 1.000000 
2 -0.005000 0.000000 0.000000 0.000000 0.000000 0.000000 0.404000 0.911000 1.000000 0.000000 0.000000 0.000000 0.000000 0.000000 1.000000 
2 0.000000 -0.055000 -0.563000 0.000000 0.000000 0.000000 0.277000 0.064000 0.149000 0.000000 0.000000 0.000000 0.000000 0.000000 1.000000 
0 0.200000
0 0.536000
2 0.396000
1 0.086000
3 1 2 3 
0 
0 
0 
